-1.8480232601307526e-16	1.2758584880726793e-16	0.014260286463109336	0.013679932209968569
1.6232824855385949e-9	2.1936163722027117e-7	0.019301317970425207	0.015627936852283378
1.6511279534224549e-9	2.2014975302810672e-7	0.01930131797042535	0.01562793685228923
1.651127969753596e-9	2.2337250205110202e-7	0.022881563686655244	0.038493266591803854
1.655504419802782e-9	2.233725030953073e-7	0.02288156368665549	0.039731093340954426
1.6555045321473038e-9	2.2368629172634095e-7	0.024010814791706386	0.03973109334096004
1.9113933798268584e-9	2.2368629191644688e-7	0.024324260637293885	0.04438611790225177
4.856161364814542e-7	0.000019860528680244575	0.024324260637294225	0.04438611790225192
4.856161364958221e-7	0.00001986052868039464	0.024336616668388284	0.06394455878847126
4.890393382326377e-7	0.000019900485225244336	0.024336616668388388	0.06394455878847374
4.890393382862704e-7	0.000020008597564366477	0.02462825456688927	0.06812688399843914
4.907311150382541e-7	0.000020008597564731965	0.024629386065933113	0.07122917137616949
5.595924519569268e-7	0.000020083005037409665	0.025357641150633912	0.07122917137617261
1.2981362696813798e-6	0.000021417538247285245	0.025357641150634103	0.0774683073865094
1.4114804990028988e-6	0.00002376241835683504	0.0262356919913995	0.07876640230233188
1.4114804990864347e-6	0.000023762418356970384	0.02649520586641256	0.07876640230233581
1.4392303552609296e-6	0.000024232418702250887	0.026495205866412675	0.07958955290203895
1.4392303553486682e-6	0.000024232418702442527	0.026864879539077603	0.08155506526750617
1.6572593829135573e-6	0.000025745190278057018	0.026928729937815463	0.08221099240403437
1.6572593829837456e-6	0.000027571275380983568	0.026928729937816063	0.08328395723881463
1.660776443542969e-6	0.00002757127538139668	0.02694694930905403	0.08346374081254665
1.6607764435757216e-6	0.00002761088088810803	0.026946949309054356	0.08346374081254795
1.698133643849984e-6	0.000027610880888500864	0.02702036934525991	0.08482617689922849
1.700942043834591e-6	0.00002809513265455649	0.02702286414455254	0.08482617689923186
2.194145542628498e-6	0.00002812984625196869	0.027175868912830067	0.08700306924920233
3.7200128560351413e-6	0.000040853087592324734	0.027175868912830237	0.08750742097490757
3.720012856151635e-6	0.00004189180550334586	0.027797313180699633	0.08876485542010937
3.746741935732654e-6	0.00004189180550355898	0.028180470891995758	0.08876485542011253
3.830312559029311e-6	0.000043184994250983944	0.028180470891996108	0.09038198830798574
3.830312559093512e-6	0.00004343240115317178	0.029570861616266608	0.09201315993789577
3.954415428940607e-6	0.00004343240115355229	0.030968769573268915	0.09201315993789691
3.954415429102697e-6	0.0000452700420628473	0.03096876957326905	0.09206203322462832
3.973552126167954e-6	0.00004527004206318073	0.03254078664544608	0.09206203322462844
3.9735521262367454e-6	0.00004549369597603398	0.03931512288328174	0.09307335974435677
4.0462288643032615e-6	0.000045493695976251436	0.03931512288328189	0.09307335974435835
4.051760900538107e-6	0.0000465269107883179	0.04014300919035144	0.0930873569684122
4.344487734004954e-6	0.00004658151070087455	0.04034546226873915	0.0933040846116517
5.64261473873926e-6	0.00005019930620790042	0.040345462268739765	0.09789141681464207
5.64261473888589e-6	0.00005108886105678751	0.04142596803949165	0.10418429985238654
6.339235334527174e-6	0.00006885567253760387	0.04150573183707856	0.10559879987068194
6.339235334547366e-6	0.00006885567253781392	0.041505731837078785	0.10571811992246961
6.758951799532892e-6	0.00007365064957424308	0.04159533451042465	0.10571811992247195
6.9885651428399774e-6	0.00007709950388955081	0.04187074456990472	0.10573985577741545
7.204784092470481e-6	0.00007709950388968726	0.0431684161647951	0.10573985577741705
7.204784092520761e-6	0.0000803481466462396	0.04318753622607743	0.10694307453456443
7.390152132276405e-6	0.00008354468707423771	0.043901931419701334	0.1088605331606814
7.39015213241008e-6	0.00008436017587913698	0.04390193141970151	0.1099846046882546
7.536486132718988e-6	0.00008436017587928889	0.04392382201474063	0.10998460468825541
8.37041268341712e-6	0.00008548326364560876	0.04392382201474088	0.11056950547801467
0.000013804294593352186	0.00008548326364609699	0.04552888288792997	0.11056950547801606
0.000013804294593431326	0.00008771386801096748	0.046694797934563256	0.1106914363413238
0.000013934828817683224	0.0001319748448337407	0.04669479793456368	0.11085097631059566
0.000014131537564574842	0.0001319748448340927	0.04950546233694354	0.11154867082861976
0.000014131537564612164	0.00013848425995732205	0.05015799912335788	0.11154867082862002
0.000014344851382582483	0.00014015748834510293	0.051072447757841026	0.11259783050778274
0.000014829598492258705	0.0001401574883451894	0.052100351272603616	0.11377502214211668
0.000014901254784516906	0.00014023728971569496	0.05210035127260398	0.11377502214211782
0.000015554801959623824	0.00014023728971590177	0.052328614664315945	0.11716114815920473
0.000015637859880071504	0.0001424980951103727	0.05232861466431611	0.11821791923224577
0.000015637859880115214	0.00014321777922016377	0.053363744550635236	0.11821791923224599
0.000015804594977035016	0.0001432177792202775	0.053363744550635465	0.11878840782197805
0.000015804594977105256	0.0001448118251059014	0.05366444844116969	0.11878840782197987
0.000016218584303405854	0.00016668921077685355	0.054596848663709625	0.11938931933417798
0.000018919050322083224	0.00016860410079111549	0.05459684866370968	0.12074484782227472
0.00001891905032211793	0.00016860410079140939	0.05495871016332788	0.12074484782227632
0.000018974442030102335	0.0001690206573917575	0.054958710163328185	0.12322489761397357
0.000018974442030304793	0.00017078059951058708	0.055124438981207835	0.12425835414552665
0.00002256613435034287	0.00017078059951071076	0.05512443898120807	0.12425835414552687
0.00002263618906145435	0.0001752939521642128	0.05537641189564849	0.12464231114182066
0.000024366084204301887	0.00019436495976595585	0.055380698743844506	0.12582457693490404
0.000026000935193778065	0.00020600176304949865	0.05552487118151568	0.12582457693490554
0.000026000935193784394	0.0002060017630498431	0.05754546358281261	0.1259495060040244
0.00002602315111145277	0.00020914208852056506	0.05801135097175109	0.12594950600402566
0.0000260806098207768	0.00020914208852134056	0.05801135097175131	0.12755618051943737
0.000026080609820992603	0.00024047479872902418	0.058808543029459454	0.12781588747756056
0.000031457339917435854	0.00038163803848926804	0.05936392154519201	0.12912255522522195
0.00003145733991743671	0.000381638038489618	0.05962958356084954	0.12960300521426604
0.00003151158129820046	0.00042577588828091034	0.059629583560849714	0.12991139852811726
0.000031554135506749765	0.00047684910478974513	0.05976625539942172	0.13014992392813315
0.0000315541355068839	0.000476849104790093	0.05976625539942192	0.13029333051469882
0.000032349513469189766	0.0004982020642496399	0.0601836377038238	0.130293330514699
0.00004390943124801073	0.0004982020642497746	0.060183637703823886	0.1303483017568112
0.000043909431248191036	0.0005035847684123665	0.061659145570073376	0.1303483017568118
0.000044540618026465315	0.00050924748864669	0.062295869856160216	0.1305071308117475
0.00004537615027972299	0.0005229571374846675	0.062295869856160674	0.13050713081174853
0.00004537615027983729	0.0006124622153327431	0.06249563734308229	0.13068934286077855
0.0000523665652325482	0.0006124622153327802	0.06249563734308278	0.1306893428607792
0.00005585394390288063	0.0006317956804084865	0.06257854076481857	0.13177251876078383
0.00005676978810775051	0.0006317956804089793	0.06260885836857613	0.13177251876078544
0.00005676978810784377	0.0006765671103567352	0.06314713966687091	0.13193192272429344
0.00005744070013107426	0.000732619939770497	0.0631471396668711	0.13193192272429347
0.00005744070013117936	0.0007715920147184072	0.06409517089306777	0.13213172489785494
0.00006075645015106759	0.000771592014718987	0.06438595335636595	0.13216976191216037
0.000060756450151138694	0.0008487129106634158	0.0643859533563662	0.1337251676383803
0.00006086569859691213	0.0008487129106637081	0.06557873179304384	0.13372516763838058
0.00006086569859706384	0.0008498893617830121	0.06557873179304392	0.13402344370301214
0.0000610399840714449	0.0008624192576415233	0.06617233279673222	0.13403226192517662
0.00006246322429894853	0.0008657180607220139	0.06617233279673235	0.13403226192517678
0.00008105677273345175	0.0008683031057719339	0.06819423937914754	0.13492374712152486
0.00008447257159888116	0.0008683031057723136	0.06819423937914769	0.13684881884055353
0.00008623094575876299	0.000982325621942668	0.06848093327064973	0.13870112767768203
0.00008623094575882723	0.0010247990626387044	0.0688744097787381	0.13870112767768478
0.00009039677037872455	0.0010247990626388865	0.06966430915738955	0.13898618778912267
0.00009039677037880157	0.0013273696671822802	0.06966430915738962	0.138986187789123
0.00009650477877672605	0.001327369667182857	0.07004938111502813	0.14010721921208416
0.00010327829991753635	0.0013310350222548583	0.0700493811150283	0.14096424184055426
0.00010699605401776459	0.001331035022255788	0.07022288903835132	0.14096424184055448
0.00010699605401785184	0.0013637166158348068	0.07155307572459095	0.1415858447313208
0.00011523456289248127	0.0014707229160412344	0.07185369024094906	0.14158584473132146
0.00011523456289256356	0.0014769715879432493	0.07317418455914527	0.143198876292618
0.00011883141983745658	0.0014769715879438912	0.0736722831213843	0.14337726371867246
0.00013418924761080713	0.0019934678648668588	0.07367228312138444	0.14377826789875445
0.00013418924761092246	0.002037200738040814	0.07393903888044209	0.14470889839772005
0.00013458403436961545	0.0021626091796820937	0.07483305843280745	0.14470889839772041
0.00013546164773176793	0.002162609179682213	0.07532033973485754	0.14489094385802084
0.0001354616477318993	0.0024031115970632373	0.07532033973485773	0.14489094385802154
0.00013992580297233183	0.0024031115970633344	0.076299596857495	0.14545612678270825
0.00013992580297244656	0.0026812846549594815	0.07673601242925554	0.14860222924953206
0.0001418829523636479	0.002743876457210118	0.0767360124292558	0.1486022292495331
0.00015153110099911415	0.0028634901647931355	0.07749956515910039	0.14924907010527488
0.00015173081645174414	0.002863490164793232	0.07749956515910042	0.14924907010527624
0.00015195052007118884	0.0029605453673553434	0.07812827886958451	0.15237664651330876
0.00015195052007120695	0.002966461519713573	0.07965138426922956	0.1533635651809262
0.00016479390727236297	0.002966461519714243	0.0825917990601684	0.157323706120416
0.00016479390727240062	0.0029952211631940158	0.08259179906016846	0.1573237061204172
0.00016949444087185705	0.0029952211631942565	0.08281254346743601	0.1580796673534564
0.0001694944408720754	0.0030149694401763565	0.08281254346743608	0.15821092241245283
0.00017188049501364183	0.003066169921258787	0.08407637746936443	0.1582109224124533
0.0001723345027984932	0.0030661699212589807	0.08457205045110605	0.15893940065574172
0.00017269396789620044	0.003111618464742543	0.08457205045110622	0.16048211334060206
0.00017282134658287826	0.0036238996092179277	0.08458217510469604	0.16073291593461597
0.00017282134658290845	0.0036238996092183857	0.08458217510469608	0.16073291593461625
0.0001733636320082719	0.0037890495757109694	0.08476124748481045	0.16080059811354125
0.0001733636320085169	0.003789049575711234	0.08476124748481048	0.16091147696013758
0.00017679490807595444	0.004006693517429733	0.08545477095098135	0.1609114769601393
0.00020331588450593394	0.004173691946770902	0.08549351198861285	0.18373285472162587
0.00020331588450600642	0.004437400573694636	0.08557340377148313	0.18373285472162681
0.00022464840224431016	0.004437400573695131	0.08558423942033332	0.1851850468327905
0.00022766725040009725	0.004515895290759071	0.08648896721730075	0.18904247521897807
0.00022766725040016442	0.004678967186423118	0.08652432131255652	0.18913608011240476
0.00025447922213278916	0.004678967186423519	0.08652432131255686	0.18917008441268796
0.0002576549130457622	0.004869710589970231	0.08675294122234543	0.1891700844126891
0.0002576549130458716	0.004995138037753809	0.08710432261939578	0.19150101563792843
0.00025961178196135914	0.004995138037754242	0.08710432261939594	0.19150101563792843
0.00025961178196160075	0.005015503748613646	0.0874331418599364	0.19216936039265733
0.00026143984591575116	0.005150941125542966	0.08743314185993643	0.19229605990653478
0.0002622289714636815	0.005331138703497769	0.08834767663759499	0.19229605990653506
0.00027571085135150603	0.005331138703499714	0.08839127401851785	0.20075876630358946
0.00029015167802447917	0.006016869838604236	0.08883661738375759	0.20075876630358963
0.0002901516780245532	0.006016869838605346	0.08883661738375773	0.20134726991031915
0.000311648261352253	0.006094252793074985	0.08891841339976868	0.20134726991032048
0.0003283955339286662	0.006252611998469804	0.08891841339976883	0.2077265700702164
0.000328395533928761	0.00625261199847038	0.08958215378351711	0.20842601831148364
0.00032995498582979706	0.00643723523248644	0.08958215378351726	0.2134901646053834
0.00034516308519755236	0.009887902825704578	0.08998545506039261	0.21846824719823504
0.00034516308519763427	0.009943568651460141	0.08998545506039274	0.21846824719823607
0.00034803332306728536	0.009943568651460571	0.0903981094579393	0.2260621272155137
0.0003480333230674456	0.010084465221220558	0.0904082893619007	0.22606212721551439
0.00035309689164185313	0.01008446522122113	0.09047116580296365	0.22959590101467148
0.0003530968916419562	0.01019548270500501	0.09047116580296365	0.23136528041532092
0.0003532587995320165	0.010993616320216787	0.09138765490662151	0.23208678423886261
0.00035352750438054614	0.011019437110774709	0.09154362417023645	0.23208678423886384
0.00037036296295976873	0.01101943711077488	0.09156141576691919	0.23492102496632347
0.0003703629629601457	0.011020793503908818	0.09156141576691931	0.23492102496632544
0.00039774594122075376	0.01102079350390897	0.09247474357385412	0.2362011996651736
0.0003977459412208038	0.011265068614651388	0.09395985509513895	0.2369104716793557
0.00039896337278240847	0.01608466004873797	0.09395985509513904	0.24257784399374122
0.00039955703327957054	0.01616321519575283	0.09414107331187023	0.24257784399374155
0.00040076880089755273	0.016163215195753592	0.09414107331187034	0.24687254623150542
0.00040076880089758856	0.016241531114319363	0.09628565302787602	0.24733933405149353
0.00048128884038799267	0.016241531114320498	0.09641469424429988	0.24733933405149408
0.00048128884038804324	0.016270216706884257	0.09768046551117249	0.247613289020846
0.0004855825982531614	0.025032711901848838	0.0976804655111726	0.2507957587202161
0.0004862206026911368	0.0284109988507639	0.0977175944814924	0.25079575872021703
0.00048622060269125974	0.028410998850764653	0.09771759448149249	0.25260136870822003
0.0004896898665303864	0.03187137629265287	0.09943457746820152	0.25260136870822114
0.0004906839362434174	0.03224488154814567	0.0994345774682016	0.2526365819993646
0.0005302858487791738	0.03224488154814817	0.09993061866260866	0.2550411525424627
0.000530285848779247	0.03295938385250834	0.09993061866260879	0.2567697225929203
0.0005315301474529976	0.032959383852510564	0.10041869202825701	0.25676972259292125
0.0005383024560654616	0.03365305542242252	0.10140700957591417	0.25739080908880024
0.0005383024560655206	0.03664563368919544	0.10845895959455927	0.26112994224113534
0.0005396896595406475	0.037131985002101	0.10895574841489401	0.2611299422411356
0.0005423542071724492	0.037131985002103254	0.10895574841489404	0.26153551177844714
0.0005447791359479281	0.03824775778791478	0.10910787839278602	0.26182215443108914
0.0005449309087879532	0.038443635715840196	0.10910787839278613	0.2618221544310898
0.0005449309087880112	0.038443635715841036	0.10955899656570392	0.26657520627551584
0.0005468385916930041	0.05035607113118182	0.10955899656570395	0.2665752062755188
0.0005468385916930664	0.05035607113118309	0.10965660378259133	0.27099169446776533
0.0005487156884673266	0.050761557059545645	0.11040716202519957	0.2745704065579962
0.0005817739946949236	0.05112758371986892	0.11040716202519961	0.28168908304492773
0.0006421663612921521	0.05173726860123883	0.11110684344564709	0.28168908304492796
0.0006421663612921802	0.05173726860124038	0.11178033740112275	0.2820640984766576
0.0006905421431811887	0.07451050349088129	0.11427369994845317	0.2824427602832867
0.0006905421431812517	0.07631194177324602	0.11428700085560953	0.28244276028328713
0.0006941803005863673	0.0763119417732464	0.11541133613855933	0.2883975603357936
0.0006941803005863953	0.08556600069607306	0.1154769438953461	0.2888472007684782
0.0007069114616397459	0.08556600069607403	0.11685851128899592	0.28884720076847825
0.0007076328712091982	0.13206750905178408	0.11685851128899605	0.2890688846989188
0.0007108268268631161	0.13206750905178657	0.11687019894124977	0.2890688846989206
0.0007245344529704422	0.13863736927342166	0.11687019894124986	0.295472953297625
0.0007245344529705648	0.14183095673963161	0.11815554838880775	0.2986512904363886
0.0007450256614149205	0.14183095673963195	0.11816739177952473	0.3046141054535274
0.0007450256614149577	0.14218188547279087	0.1194605405392711	0.3046141054535277
0.0007464315029431653	0.14218188547279131	0.11946054053927137	0.3067990122904148
0.0008032356216709528	0.14486608081447414	0.11946604446944367	0.3067990122904152
0.0008032356216710105	0.14709844106574552	0.11946604446944384	0.3132797958649948
0.0008257522857714558	0.15129403188895638	0.12449082598163007	0.31536439425030993
0.000884929520017312	0.15129403188895663	0.12449082598163029	0.31571155439079196
0.0008849295200173927	0.15709601517715502	0.12450461679464915	0.3157115543907939
0.0008883374312422884	0.15791849216812592	0.12451712649737488	0.32015851493221076
0.0008883374312423586	0.1620785405996574	0.12451712649737505	0.3201585149322132
0.0008959281101012776	0.16207854059965784	0.1245902232386336	0.3205425361208465
0.0009056528700092534	0.16822200672769957	0.1249950151070202	0.32054253612084743
0.0009333110202704159	0.16864353795337558	0.12500368977314946	0.3261042345424302
0.0009341195940627912	0.1720034119071156	0.12500368977314974	0.32620415715359335
0.0009343897922429656	0.17200341190711815	0.12504594274427508	0.3262041571535941
0.0009343897922433548	0.1747860696604922	0.12504594274427522	0.3298425807467298
0.0009366979100543922	0.17894439880350324	0.1250908595263837	0.33045343759901896
0.0009366979100545167	0.1789443988035041	0.1274665997394357	0.3362755425682905
0.0009615413546635531	0.1810332873132616	0.1274665997394359	0.33627554256829095
0.0009635036630805136	0.18103328731326349	0.1276012231211566	0.3391879764566274
0.0009635036630808373	0.18986363283694258	0.1276012231211567	0.3391879764566281
0.0009739437147353445	0.20867028478498983	0.1276343804682509	0.3403180815065021
0.0009739437147355437	0.2086702847849918	0.12776695395738677	0.3525225234504539
0.0009894803680531986	0.2144846114550362	0.12785691307214608	0.35275198292366294
0.0011674633361858347	0.21748882466220923	0.1279016117419664	0.35541298008484673
0.0012063188671289184	0.21748882466221064	0.12810045210683005	0.3557855263423546
0.0012063188671290414	0.22208056298870024	0.12810045210683046	0.35578552634235494
0.0012586547439496132	0.2365295703778366	0.1281102069441806	0.3565958928353617
0.0012586547439497114	0.23652957037783837	0.1281102069441808	0.35659589283536214
0.0012667809266651401	0.24062455132016675	0.12985455062945828	0.362297072451855
0.00129255212518427	0.24646256572245417	0.13004465792432676	0.3625760218701789
0.0012933335178128775	0.246462565722455	0.1300446579243268	0.3625760218701799
0.0012933335178129004	0.24692933356255464	0.1303066087917554	0.3636998922559662
0.0012960629124569786	0.24809695527362108	0.1303066087917554	0.36369989225596666
0.001296062912456986	0.2480969552736227	0.13030899118889394	0.3650921202747223
0.0012981188273794486	0.24922542981906712	0.13146873962519118	0.37270974019121067
0.0013463672773344425	0.24922542981906806	0.13146873962519132	0.3727097401912122
0.0013919653064433197	0.2505488247886095	0.1314951004147663	0.3764652746634167
0.0013919653064433245	0.2533293640766415	0.13149510041476653	0.3827538813734046
0.0015831393850521925	0.2533293640766418	0.13204122194637682	0.3827538813734052
0.0015831393850522376	0.26277376744263126	0.13210379565246222	0.384638887057989
0.0016063660269248624	0.27667457197017803	0.1327822392073219	0.38698103628551694
0.0016076316451074418	0.28378777098813734	0.13320643117541597	0.39317095457983714
0.001607631645107551	0.28378777098813873	0.133206431175416	0.39487557713472976
0.0016076669608801933	0.2845779886131284	0.1348817723619332	0.39487557713473104
0.001609036603601781	0.2860485153012092	0.1348817723619333	0.3993098178254285
0.0016124314367658267	0.289237429956589	0.1368504412776018	0.39930981782543057
0.0016124314367660507	0.2892374299565898	0.1434305257447156	0.3994835071050337
0.0016271909769681766	0.2950181404408718	0.14627026973134308	0.40104712358048905
0.001627190976968336	0.2950181404408727	0.14857812657072075	0.40657352884675646
0.0016285322019890928	0.29719423415723484	0.14857812657072128	0.411908746380362
0.0017597067082953063	0.30110806016419134	0.15057078000361462	0.4119087463803631
0.0017597067082953956	0.306524453296932	0.15057078000361482	0.4163329651986559
0.0019429989364312624	0.30652445329693245	0.15093601447958763	0.4163329651986576
0.002156711480031199	0.30955315467021743	0.15248459525861544	0.42229169305524056
0.0021567114800312486	0.31242954277022733	0.1524845952586155	0.4243094980119788
0.00218624202470252	0.31242954277022755	0.1540490369842874	0.4243094980119814
0.002187895633271612	0.31257166977210366	0.15486376378226246	0.4272083331417291
0.0021878956332716235	0.3125716697721053	0.15486376378226266	0.42720833314172957
0.002260298926315223	0.3128966157552863	0.15503907501992562	0.428876899356054
0.0023675430068099794	0.3129389131954911	0.15503907501992567	0.4288768993560552
0.0023675430068100397	0.3195536128784317	0.156733844441461	0.4307998485294846
0.002386997752134154	0.3195536128784326	0.15763182882543353	0.430868611573811
0.002386997752134274	0.3260372521349186	0.15763182882543386	0.4308686115738116
0.002409127427550299	0.32603725213491896	0.1589201207860553	0.43834583844837316
0.002495246945953952	0.32982778218979997	0.1612483833919622	0.4434216780002969
0.003799636449367453	0.33515415162592715	0.16124838339196226	0.4437864219883063
0.0037996364493675765	0.33862836282542763	0.16134800713683628	0.44378642198830665
0.0038120847982849077	0.34053882568380334	0.16134800713683647	0.4447493963640031
0.0038120847982850573	0.3426443117869528	0.16253590508747132	0.4479682203403669
0.0039052472997950153	0.342644311786953	0.16297904625320797	0.44796822034037037
0.00397316301415183	0.3496366247733485	0.16391852010603916	0.4492046330700654
0.003996249306315063	0.3496366247733511	0.16391852010603936	0.46285428309500615
0.004115858074743427	0.3521930841996642	0.16490523141764715	0.4628542830950076
0.00414726424223324	0.3521930841996667	0.16490523141764726	0.46842764089719685
0.004147264242233352	0.35580389945352975	0.16582001083354692	0.46842764089719763
0.004154445225281874	0.36024822680390794	0.16598913618301528	0.4730752231209786
0.004156057021154201	0.360248226803909	0.16660001469225857	0.47307522312097877
0.004156057021154321	0.3643892662465466	0.1666000146922587	0.47456099113848377
0.004307713388436097	0.36533811638868213	0.16681680469611074	0.47812920876763365
0.0043077133884363425	0.3653381163886832	0.16713336093421016	0.48240499986388485
0.004316116325069236	0.3656834460455328	0.16753699056903862	0.4838777293050195
0.004355515327959533	0.3680748371975792	0.1675369905690388	0.48387772930501954
0.004355515327959702	0.3680748371975795	0.16789932464556154	0.4903389563912999
0.004937289559625082	0.37337815572466854	0.16789932464556154	0.49033895639130015
0.005114292854940403	0.3733781557246701	0.16815881730063104	0.4915599983103579
0.00511429285494053	0.3734181005146706	0.16908086473301834	0.4915599983103597
0.005222958182139848	0.3734181005146709	0.1699101224353747	0.49305906684018097
0.005241828673540114	0.3767793330833401	0.16991012243537473	0.4947958014671148
0.005241828673540122	0.3767793330833416	0.1753968768549889	0.4970333320678064
0.005422180425043681	0.3778121362291271	0.17539687685498942	0.5028042572956187
0.005427596620937578	0.3778373551813016	0.17565875710618856	0.509046960234402
0.0054275966209376735	0.37783735518130185	0.1757064561124815	0.509046960234404
0.005434605936204448	0.38733803376965653	0.17570645611248173	0.510253370962653
0.005434605936204512	0.388691918154185	0.17571410995495435	0.5102533709626538
0.005439632252850045	0.38885167457139574	0.1773592818587546	0.5171281013682785
0.0055510458412042175	0.3902863208009509	0.17735928185875494	0.5171281013682796
0.005553303653274143	0.3902863208009515	0.17861049725988648	0.5202889841723481
0.005553303653274232	0.39548859986559515	0.17861049725988667	0.5202889841723483
0.005557857800300721	0.39684597202958216	0.17862702393406407	0.5225136681777519
0.00555785780030084	0.3968459720295835	0.17868481673859898	0.5239263929348849
0.005561826284546763	0.39744404953996393	0.17923199947381138	0.5239634683166611
0.005696492368789389	0.40024229216175694	0.17923199947381158	0.5295724766162431
0.005703440544409022	0.4013053743695369	0.17927979693091184	0.5295724766162434
0.005703440544409142	0.4014227981638417	0.1792797969309121	0.5297541718202353
0.005712214417936747	0.4014227981638422	0.18011473973195874	0.5309079349210413
0.005712214417936792	0.4018581442718771	0.1801147397319588	0.5309079349210415
0.00575353009739018	0.4018581442718774	0.18023133487410456	0.5312081241634818
0.005803799421061482	0.4028701019441952	0.18023133487410467	0.5361271342779222
0.0058182105538406165	0.4038477645010611	0.18041366979772483	0.5421359165041011
0.005818210553840677	0.4038477645010614	0.18068912183883876	0.5421359165041014
0.005851977670423256	0.4062987282162984	0.18141972311668503	0.5422319443629997
0.0058519776704232885	0.40629872821629875	0.18175785508433934	0.5426193873001919
0.005889875155393787	0.4079147345121028	0.18345763841092907	0.5426193873001922
0.005889875155394081	0.4079147345121034	0.1834576384109291	0.5466530155905308
0.0058918315534984235	0.4096437755880074	0.18464193484906544	0.5466530155905323
0.005898790268337577	0.4107466584498894	0.18464193484906583	0.5495916918665532
0.005916368627171985	0.41594297390214874	0.18676322301597942	0.5495916918665542
0.005916368627172094	0.415942973902149	0.18683809699343956	0.5511591271759818
0.005954172674032379	0.416542248899323	0.18792299940419477	0.551236112559247
0.006597411970029682	0.4244899849997503	0.18792299940419507	0.5556580084304268
0.006597411970029783	0.42448998499975127	0.18833855277489867	0.555658008430427
0.006696194401868856	0.42560571069481395	0.18833855277489872	0.55653397799228
0.006696194401868887	0.42976406671761674	0.18905953681274695	0.5578756731715324
0.0069399662782155145	0.4297640667176169	0.19084630678251108	0.5578756731715339
0.007117452014820472	0.436577737510928	0.19262739202916418	0.5599346802881916
0.00753670200908502	0.43657773751092926	0.19332937085564617	0.5599346802881929
0.007699776612465336	0.4382401506480497	0.19332937085564642	0.5630304513449098
0.0080184818850381	0.4407208325978049	0.1935235445200766	0.5638079659822145
0.008018481885038202	0.4407208325978056	0.19352354452007672	0.5659141171267547
0.008068594031213273	0.44178268694093287	0.19353590032484233	0.5669922198578773
0.008068594031213362	0.4421188756734611	0.19472000892778069	0.5669922198578775
0.008299102545490095	0.4471235364919683	0.19582725325386663	0.5671386574811914
0.008299102545490142	0.4471235364919683	0.19582725325386666	0.5674858444293273
0.008302721766764921	0.44793506094395624	0.19708873085059087	0.5674858444293281
0.008372380940792066	0.44793506094395635	0.19747644513898355	0.571423240012396
0.008372380940792139	0.45224056814738617	0.1974764451389837	0.5714232400123973
0.00839201517236003	0.456814589977306	0.19845561644335669	0.572086534630055
0.008781672039724311	0.4634455611665889	0.19845561644335685	0.5729431502924496
0.008781672039724403	0.4634455611665891	0.2000445753148598	0.5742263110954349
0.00880090425014589	0.4645089420359179	0.20008216728560835	0.5742263110954359
0.008800904250145992	0.46450894203591864	0.2000821672856085	0.5755665482730862
0.008850712264914868	0.46509919499400715	0.20067893940594142	0.5784683846009034
0.00887618750625977	0.4659904915769238	0.2013396030225437	0.580547027930956
0.00890065317255878	0.46599049157692474	0.20158379560741724	0.5805470279309561
0.008900653172558882	0.46627668013872986	0.20174149411326972	0.5818003799394927
0.00890929920185277	0.46897706113159576	0.20174149411326997	0.5818003799394931
0.008953345978561336	0.46897706113159576	0.20185445642641633	0.5827599597776578
0.008953345978561405	0.4697217609829451	0.2018544564264165	0.582759959777658
0.009007133651692497	0.48114974886822964	0.20395559758638349	0.5955346108625156
0.009740428881324927	0.4811497488682305	0.2040385468793197	0.5961944994142357
0.009782656051441815	0.4817186116041007	0.20436240139921202	0.6018361373283131
0.009782656051441886	0.48171861160410084	0.2043624013992128	0.6018361373283133
0.009895161272927585	0.48295441715096754	0.2044183816424286	0.6019296347135467
0.00989516127292769	0.4871786374030624	0.2044183816424288	0.601929634713547
0.009966936539235213	0.48717863740306333	0.20515362198941542	0.603828782851759
0.010665230374755653	0.48801216368461464	0.20515362198941556	0.6111845947432938
0.010665230374755742	0.48910837287166425	0.20556635877489454	0.6119629254050412
0.010713855895866192	0.49228128220372025	0.20556635877489457	0.6119629254050415
0.010713855895866247	0.49475990170153583	0.2080433759765394	0.612320203264858
0.010783677279402814	0.49475990170153616	0.20865964166856552	0.6134164152934993
0.010978385616374882	0.49546649545586896	0.20921269604804496	0.617168761487541
0.013192664576860995	0.5008200469583338	0.2098954094563604	0.6171687614875411
0.01321875788570967	0.5008564114341649	0.2117500816069299	0.622637351871085
0.013218757885709772	0.5008564114341654	0.21175008160693015	0.6226373518710865
0.013278425935108256	0.5011995127502241	0.2120054712267366	0.6238728077947734
0.013278425935108482	0.5025070526876875	0.21200547122673702	0.6248450501642361
0.013295031648498764	0.5028255660582046	0.21304782551880683	0.6264479894785571
0.01329660659176469	0.5028255660582059	0.21606754431563233	0.6264479894785573
0.013321084691693207	0.5109776648587658	0.21606754431563271	0.6293257596953699
0.013321084691693226	0.5164041961753592	0.2187994300809543	0.6336314948882344
0.013401641077285297	0.5164041961753597	0.21913335577903967	0.6339645656135782
0.01340164107728538	0.5181999206424782	0.21913335577903972	0.6339645656135788
0.013461431704069495	0.5181999206424783	0.22214092790050796	0.6340751269594229
0.014453407636332162	0.5192324078857367	0.22214092790050832	0.6340751269594229
0.01445439251289466	0.522439172007124	0.22302340219116523	0.6351111002752383
0.014454392512894852	0.5307362236709687	0.2230234021911653	0.6351111002752384
0.014492328255096202	0.5307362236709698	0.22380540775671112	0.6367637883180103
0.01449232825509629	0.5337545450671037	0.22428364585389696	0.6389031090950997
0.01452971628027952	0.533754545067104	0.22954295583561712	0.6389031090951003
0.014529716280279699	0.5342102582505412	0.23033966676523446	0.6406373798091869
0.014570662146886744	0.5365255216596001	0.23044432291933678	0.6406373798091871
0.014570662146886825	0.5365255216596008	0.2304443229193373	0.6408514004051854
0.014591538097921455	0.5434251284613056	0.23079856306840435	0.6431278081749969
0.01477716347460784	0.5434251284613063	0.23079856306840443	0.6437469548800745
0.015079420091743831	0.5464556916500547	0.2321067006527895	0.6460475787466154
0.0151420834909081	0.546455691650055	0.23210670065278982	0.6460475787466156
0.015142083490908158	0.54754023540049	0.23266719901102825	0.6488136478351916
0.015174285910233714	0.5478669859210372	0.23266719901102836	0.6495443143024047
0.015386582730532252	0.549320743593909	0.23352769095028864	0.6539040758255824
0.015579120683790497	0.5493207435939096	0.2337508108370144	0.6539040758255831
0.015579120683790628	0.5523021771867224	0.23991660066765563	0.6570492032929385
0.01581113337308531	0.5527759155565721	0.23991660066765602	0.6570492032929388
0.01581113337308541	0.5541761673270715	0.24000903611062882	0.6585320910220264
0.016047058039100434	0.5541761673270723	0.24000903611062885	0.6602364003958572
0.016047058039100528	0.5566469157031709	0.24016523718058028	0.6602364003958578
0.016165478244691535	0.5566469157031718	0.24045279408811165	0.6620417537248818
0.016528525732941463	0.5616433774250306	0.24180178680339914	0.6621269871425063
0.01699503602949632	0.5625137958643087	0.2418843437834646	0.6621269871425064
0.017645756727183912	0.5635235095570761	0.2423031242713066	0.6643418148965854
0.017645756727183933	0.5635235095570771	0.242303124271307	0.6643418148965863
0.01848424268964287	0.5682676767892482	0.24243412751994114	0.6704256199478621
0.018484242689642973	0.5708620355937808	0.24243412751994178	0.6704256199478622
0.01910513549397565	0.5708620355937808	0.2532245050000178	0.670526138206393
0.019586014924007772	0.5747492173989335	0.2557342988005422	0.6745570804730703
0.020133230062970502	0.5750513956068454	0.255734298800543	0.675392524260743
0.020133230062970634	0.5750513956068468	0.2578149506357528	0.6753925242607441
0.020680011116517242	0.5750675941940074	0.2578149506357532	0.6755279857373887
0.020680011116517395	0.5750675941940083	0.2582137877044104	0.6770396443910914
0.02088788510045015	0.5777353505455783	0.25846186618820444	0.6770396443910923
0.02185442601476438	0.5781937394295044	0.25846186618820455	0.6773056484910595
0.021882642896873524	0.5907305690856683	0.2585549361547387	0.6781892463414755
0.021882642896873687	0.5907305690856683	0.2591950688207584	0.6795833587159855
0.021899316645635075	0.5982210055995482	0.2591950688207584	0.6827739224485734
0.021899316645635148	0.6003792431154562	0.2596742226838929	0.6827739224485735
0.02190136325826957	0.6003792431154563	0.26801273445295865	0.6840843585036803
0.02255538281528092	0.6028966862387539	0.2717189168168486	0.6840843585036809
0.022555382815281057	0.6083551511896593	0.2717189168168492	0.6868737216477014
0.022557215610440787	0.6083551511896599	0.2719706042681782	0.6868737216477014
0.0226149098021853	0.6124624010385216	0.2743959533109671	0.6936491755295768
0.02261490980218537	0.6155012859388926	0.2743959533109674	0.6936491755295775
0.022706566333957436	0.6179810025018649	0.2846796804633152	0.6939599276365902
0.02391782942681217	0.6179810025018664	0.2856336049509523	0.6957126282334685
0.02402474247225252	0.6212343151389819	0.2856336049509527	0.6957126282334687
0.02402474247225267	0.6212343151389823	0.2870945418216099	0.69644124333392
0.024270554273332298	0.6267783551510975	0.2870945418216103	0.6967420153955042
0.02427055427333239	0.6287828937675037	0.2878320351070442	0.6967420153955045
0.024338326472050698	0.6287828937675037	0.29208983129610006	0.6974287914238243
0.029335518676037835	0.6289778659956601	0.2930205085300002	0.7023218220067928
0.02933551867603793	0.6289778659956604	0.29302050853000067	0.7066488963824893
0.029433626734989757	0.6339339107588429	0.2941799008769966	0.7066488963824893
0.029498346851953017	0.6339339107588435	0.29434915361091357	0.7071495025284072
0.029498346851953208	0.6362118241561892	0.29434915361091435	0.7090331263286819
0.0295861360517519	0.6374175525229581	0.2973627088808164	0.7090331263286821
0.03203935328636216	0.6402726922263929	0.2982745219514791	0.7092533726744205
0.03203935328636231	0.6431407548367201	0.3001386212200572	0.7166737671437026
0.032439149449655175	0.6431407548367207	0.3002433348223136	0.7170614636956206
0.032439149449655334	0.643701587504538	0.301030017809037	0.7172665275717126
0.032526269263106596	0.6459559080408714	0.3010300178090371	0.7176962909509037
0.03255583598573894	0.645955908040872	0.3021639904779888	0.7176962909509038
0.035217856181053435	0.6484506450721096	0.30216399047798953	0.720657390756669
0.03521785618105357	0.6484506450721096	0.30598220326561865	0.7206573907566696
0.03525658178263587	0.6513948220707395	0.3065831990093849	0.7235287939365513
0.03529651955903412	0.6535570311236798	0.3065831990093854	0.723528793936552
0.03529651955903445	0.6545050810387759	0.3074855653026318	0.7236820370125991
0.035352079007376885	0.654505081038777	0.30748556530263244	0.7236820370125994
0.03659213837560998	0.6556040229227631	0.30983356608546064	0.7249922747188854
0.037142260322627886	0.6605007028554787	0.31693007699951237	0.7266596853478349
0.03714226032262808	0.6605007028554787	0.31693007699951314	0.728865058996257
0.03816865082666357	0.6623037418729264	0.3180729683183805	0.7288650589962571
0.03816865082666389	0.663248760105291	0.31807296831838155	0.7306938603426295
0.039221165194955374	0.6632487601052911	0.32056814697485286	0.73069386034263
0.04171838585568062	0.6693669118640531	0.32210530856167463	0.7362189199971237
0.04228948454404779	0.6693669118640533	0.3221053085616752	0.7362189199971242
0.04228948454404802	0.6704417310034603	0.3242043753432104	0.7401157297990943
0.04256599386217034	0.6704417310034609	0.32420437534321145	0.742520266256834
0.04304662930286615	0.6847662694150936	0.32590293729855857	0.7445936372173618
0.04304662930286635	0.6855098869198557	0.3332473483614841	0.7445936372173626
0.05016347647160207	0.6926287967669587	0.33324734836148423	0.7466306798386165
0.06289592359984826	0.6955830744922967	0.3348769572566328	0.7493441348526122
0.06289592359984883	0.6995583378136371	0.3351791095620167	0.749746821834996
0.07806572457834479	0.6995583378136374	0.3351791095620169	0.7547836647571999
0.0780657245783449	0.7000326098718606	0.33604906336836043	0.7547836647571999
0.08029891193108672	0.7000326098718613	0.33866185664525206	0.7566473101720109
0.08049570487643883	0.7027041085142367	0.34026387016255455	0.756647310172011
0.08049570487643895	0.7136006751886691	0.34846747557307634	0.7674507733535676
0.08138497468101018	0.7136006751886697	0.3484674755730769	0.7697988779883307
0.08386006250627519	0.7184781330694782	0.34950553524029654	0.7697988779883307
0.0838600625062752	0.7184781330694785	0.3497418074265029	0.7705396585914279
0.08442798247596922	0.7197738384122593	0.3497418074265036	0.770539658591428
0.08501044669709244	0.7205203751221307	0.3497432266187107	0.7744866479501474
0.0850718207074345	0.7371102370415432	0.3497432266187114	0.7744866479501481
0.08507182070743463	0.7371102370415433	0.3536853030250988	0.7744990454250384
0.08603945506271653	0.7379333915468318	0.35368530302509893	0.7755275966534753
0.08696529532656203	0.7379333915468318	0.3550080821515584	0.7755275966534755
0.08696529532656253	0.7391606401529326	0.35543827257406996	0.7757551053355711
0.08725383088554445	0.7391606401529331	0.3606776655451461	0.7760157092612433
0.08725383088554474	0.7423564591301847	0.36067766554514635	0.7774378708754776
0.09225415457399028	0.7448073460543032	0.3624464623766275	0.7774378708754777
0.09714778840577602	0.7454148133013733	0.3651288154068182	0.7775753338453513
0.09721037471841845	0.7454148133013744	0.36512881540681863	0.7781234575816431
0.09721037471841855	0.7456726641105188	0.3652563550096129	0.7781234575816435
0.09726254618584641	0.7465381626665573	0.3664956467730289	0.778620942965435
0.09729513786380285	0.7531182275418005	0.36903659538330197	0.7815819801325568
0.09729513786380307	0.7540569889201444	0.3690365953833021	0.7815819801325572
0.11244544784234171	0.7557626452041503	0.369559012986176	0.7835461114585153
0.11250605184481388	0.755762645204151	0.3695590129861761	0.7835461114585155
0.11250605184481398	0.7582172631806834	0.3723677410103449	0.786707058079422
0.11266156616487166	0.7582172631806834	0.37363466239698645	0.7893048481503109
0.11266156616487193	0.7615825382371738	0.3736346623969867	0.7893048481503113
0.11279899606185939	0.768037477509429	0.37476001153941585	0.791517201940073
0.11325881084031464	0.7680374775094294	0.37476001153941585	0.7915172019400731
0.1137115240585686	0.7710457428405396	0.3753269671962237	0.7940741018649448
0.11371152405856878	0.7710457428405398	0.37946893300736095	0.7941375230111484
0.11541489877120263	0.7726381463954812	0.3794689330073613	0.7984540364290676
0.11541489877120312	0.7820291019978814	0.3801457372053118	0.798454036429068
0.11632873423744246	0.7841895994118476	0.38014573720531214	0.8022366791095691
0.12483981409203754	0.7852741760849085	0.40077081008140475	0.8022366791095691
0.12483981409203798	0.7852741760849086	0.4014380984231993	0.8065738198320022
0.12726789502205538	0.7879933333664048	0.40143809842319983	0.8076803224311453
0.12802552482279644	0.7879933333664048	0.402371855928951	0.8093861430730361
0.1280255248227967	0.7935997013338215	0.40237185592895186	0.8093861430730365
0.128250949788788	0.7946853762506753	0.4039799943218675	0.8128741881678174
0.13109867689003266	0.7960200152149175	0.40587144125057306	0.8128741881678175
0.13209965474107996	0.7960200152149182	0.40587144125057373	0.8218436942783036
0.13209965474108054	0.7980407559512762	0.4100858784976638	0.8237722201865881
0.13211455076193182	0.7980407559512765	0.4100858784976639	0.8239528950958966
0.1326742670625964	0.8033939439957043	0.41369089076679033	0.8241819273996788
0.13267426706259655	0.8058239529163878	0.41977410678033306	0.8241819273996793
0.13292502645991872	0.8058239529163883	0.420554667526415	0.8290773640646953
0.13292502645991894	0.8101387186379421	0.4227512084980028	0.8304406469799
0.1331244066490701	0.8101387186379432	0.4227512084980032	0.8304406469799
0.13313768927802336	0.8129884711535118	0.4257457577452212	0.8352316565943563
0.13658559237279955	0.8129884711535129	0.4265918019061117	0.8352316565943565
0.13658559237279974	0.8130869937788696	0.42659180190611284	0.8362567296543616
0.13845523306327873	0.8138646503409992	0.4276431997745165	0.8366273593543575
0.13934020130901995	0.8177201298182736	0.427643199774518	0.8372838358998042
0.13934020130902025	0.8218130737539083	0.4282178629516907	0.8372838358998048
0.14287412857477724	0.8218130737539089	0.43088314960937624	0.8406134977598606
0.14380397587344088	0.82577944599342	0.430883149609377	0.8428209159145298
0.14380397587344107	0.8257794459934201	0.4309537367921755	0.8428209159145308
0.14454001026583838	0.8293481449561516	0.4383591677971852	0.8437026322340748
0.1445400102658387	0.8320352978647124	0.4395967984487372	0.8438812327648526
0.1601994332223781	0.8379700580796757	0.4396597623848246	0.8438812327648526
0.16254205761996146	0.8379700580796761	0.43965976238482607	0.8462697296056433
0.16254205761996174	0.8413603360684007	0.4398820011737977	0.8462697296056437
0.1646243004345619	0.8421635464160044	0.43988200117379916	0.8463000208308107
0.16539182822854773	0.8421635464160047	0.4537135305637092	0.8499685924025392
0.16539182822854803	0.845865596759921	0.4549986409772204	0.8499685924025395
0.16955254390066674	0.8460370843975966	0.46469929727508424	0.8502128170337194
0.1699604036835825	0.8497131048451889	0.4687519622652222	0.8520221164622228
0.16996040368358278	0.8497131048451892	0.4719689235666253	0.8572792848957544
0.17289374581405617	0.853443445496225	0.4719689235666257	0.8579822916965878
0.17316286903433437	0.8588036033424984	0.4756588818699427	0.8588929444268748
0.17316286903433462	0.8588036033424985	0.4756588818699437	0.858892944426875
0.1771443037940506	0.8608693086151193	0.48788897582180596	0.8598479520964631
0.1789000181778987	0.8608693086151207	0.4878889758218068	0.8598479520964634
0.17890001817789886	0.8655244726432946	0.48931306365913735	0.8618511428004584
0.17984760264477248	0.8655244726432954	0.48931306365913785	0.8618511428004588
0.17984760264477295	0.8683433380344328	0.49713562688781104	0.8626679683226658
0.17997704045513338	0.8683433380344329	0.4985486097147414	0.8634622392613064
0.18623971100127815	0.8756550836912134	0.498548609714742	0.8634622392613069
0.19290604173365716	0.8762022223945848	0.5001543362089539	0.868754458754673
0.19290604173365797	0.876202222394586	0.5006601616961877	0.8687544587546732
0.19508489685745825	0.8765083171915025	0.5006601616961895	0.8703131769618848
0.19508489685745872	0.8829454826912458	0.5229959921351486	0.8772915072828493
0.20047452771558877	0.8829454826912463	0.5375238050514524	0.8776372224789156
0.20047452771558918	0.8833896045198011	0.5426384546778585	0.8781177980978144
0.20153822886550224	0.8839678841869342	0.5426384546778589	0.8781177980978145
0.20153822886550227	0.8844581385296888	0.5466310128703395	0.8791974733711205
0.20896592712798562	0.8853593068374218	0.5466310128703413	0.8795168135962257
0.20911518978222696	0.8853593068374219	0.5494144457414475	0.8795168135962261
0.21543848593458564	0.8857377924958827	0.5494144457414482	0.8888508367251146
0.2154384859345861	0.8857377924958829	0.5533306839373826	0.8892497587020776
0.21871776636269114	0.8901588072385529	0.5578150777470701	0.8892497587020782
0.22095983695229499	0.8926862857804718	0.5578150777470711	0.8920847069989783
0.2209598369522952	0.8926862857804719	0.5654996359290474	0.8929638010616662
0.22317299073905417	0.8970503854809073	0.5681539892722496	0.9020320887392922
0.22476967419127097	0.8970503854809083	0.5689828303686384	0.9054642407273555
0.22816932127312176	0.8974965528757339	0.5696379178306439	0.9073430426718478
0.22816932127312192	0.9007153733644958	0.5696379178306461	0.9073430426718487
0.23325685130605675	0.9007153733644959	0.5825825971962112	0.9087380333038962
0.2332568513060575	0.9017637087497151	0.585278317271947	0.9087380333038967
0.2406384516903401	0.9024202915791865	0.5857192639100964	0.9128071661547057
0.24098792057679275	0.9036883412099677	0.5857192639100994	0.9141189656927942
0.24577462132501135	0.9036883412099678	0.5920788010970872	0.9141189656927946
0.24577462132501174	0.9046598984872946	0.5922075880666113	0.9143889508846461
0.25107330240702863	0.9046598984872951	0.5922075880666133	0.9143889508846463
0.25107330240702885	0.9095579472013521	0.595859078201263	0.9166530817075905
0.25119064946056774	0.9108126403828763	0.5983342276480004	0.9175073631589656
0.25153801602907283	0.9108126403828765	0.5983342276480016	0.9175073631589656
0.25232997630723825	0.917891506145219	0.6114725801558011	0.9204013706436905
0.25232997630723836	0.9197351554357132	0.6144040658290786	0.9204013706436912
0.26089446001722005	0.920207499865314	0.6144040658290794	0.9223588977408667
0.2608944600172205	0.9220174476971623	0.6169545747925126	0.9248323416497132
0.2634017382581656	0.9220174476971641	0.6169545747925154	0.9248323416497132
0.2634017382581658	0.9227611597648544	0.6174125612118172	0.925857381079471
0.2653417528922321	0.9227611597648548	0.6252226948658497	0.9258573810794715
0.2808767027448825	0.9249887072009505	0.6303362140390357	0.928425425564182
0.2825180583040102	0.9249887072009506	0.630336214039036	0.9286695530588558
0.28251805830401044	0.9306020285585228	0.6406619872430426	0.930177767028194
0.2864077876600244	0.9331481297259892	0.6406619872430439	0.9301777670281945
0.2915313932381343	0.9331481297259898	0.653821008589456	0.9310869547608592
0.2915313932381347	0.934838090476236	0.6571453871746432	0.9310869547608595
0.2916912390128174	0.9438178002835387	0.6571453871746433	0.9353254500030872
0.2916912390128175	0.943817800283539	0.658067621681008	0.9353254500030873
0.3002155938150144	0.9439194402607617	0.6666502694789822	0.935816952516511
0.30021559381501484	0.9439194402607619	0.6666502694789839	0.9360405926978402
0.3020228427125511	0.9450643509069393	0.6718676503727631	0.9360405926978406
0.3195671654148442	0.9464870909671268	0.6733726223149783	0.9372340912104901
0.32041354840510217	0.9464870909671278	0.6747429771472335	0.9396517328991942
0.3204135484051023	0.9485949174164459	0.6793671345634007	0.9402307173339053
0.3260729926044461	0.9485949174164467	0.679367134563401	0.9405048178118989
0.3263752377477479	0.9495980393154961	0.6825116652328759	0.9467105269654382
0.3263752377477489	0.9516999149859241	0.6828571909447126	0.946710526965439
0.3268353941461966	0.9525593387893805	0.6828571909447129	0.9550489708819861
0.3270739080208246	0.9525593387893807	0.6901856479516115	0.9550489708819861
0.32707390802082487	0.9559461861718832	0.69651759375406	0.9555325463734617
0.33568110901450754	0.9559461861718835	0.7094360286870465	0.955532546373462
0.33568110901450804	0.9564500008170232	0.7094360286870467	0.9558256104018445
0.3375624839429947	0.9571633900318279	0.7095513454608813	0.9558256104018451
0.3492609217920242	0.9579044184812733	0.7095513454608813	0.9581498581600807
0.3522988059890267	0.9579044184812736	0.7261159156098518	0.9628390387809699
0.35229880598902685	0.9611729871440235	0.7261159156098519	0.9628390387809704
0.3612411211574382	0.9629705971982967	0.7301653295467524	0.9634530009175668
0.3612411211574391	0.962970597198297	0.7386863443529361	0.9634530009175677
0.36150793531153885	0.9643161991365	0.7386863443529393	0.9637244641290187
0.36288985255065453	0.9664334647852877	0.7498824410754049	0.9711674703065559
0.362889852550655	0.9667885967440994	0.7498824410754061	0.9716543624373201
0.36419718755126745	0.9671139686337356	0.7522772825312768	0.9716543624373205
0.3672134004333532	0.9671139686337358	0.766846074271108	0.9752584731997654
0.3683876058828134	0.9735431869650361	0.766846074271108	0.9752584731997656
0.36964434009103975	0.9735431869650362	0.7672834443126035	0.9789141613553479
0.3705931121998336	0.9847593571603331	0.7672834443126046	0.9789141613553497
0.3705931121998341	0.9847593571603338	0.768623715937614	0.9804393197654012
0.3706779111220936	0.9856640119297906	0.7728379142778392	0.9808432956777365
0.38107940982983246	0.9858402012545401	0.7728379142778407	0.9808432956777372
0.3810794098298329	0.9861614149663646	0.7817871535764486	0.9819940836709152
0.38509893492883757	0.9861614149663648	0.7838316919724874	0.9824356517057616
0.38837702611898206	0.98924034630741	0.7838316919724883	0.9826119988764344
0.39273868297775616	0.989491523112134	0.7840823499930624	0.9845712862324422
0.39273868297775705	0.9894915231121352	0.7842867294311582	0.9861984531407403
0.3992895790414692	0.9896095154822768	0.7937894097949753	0.9861984531407405
0.3992895790414694	0.990063181501917	0.7937894097949759	0.9872162683541457
0.4060412408252462	0.9919120234696075	0.7948650977766311	0.9872162683541458
0.40604124082524645	0.9919120234696077	0.8076425450884287	0.9943543019355341
0.41497498352539236	0.9953990804348553	0.8077635162463833	0.9950113934276216
0.42632088789604394	0.9972484732142409	0.8226087845785841	0.9950113934276217
0.4596680073938021	0.9972484732142416	0.8226087845785871	0.9952611983986831
0.4646115750108877	0.9977232913589971	0.8242197849849578	0.9952611983986842
0.4665832689740998	0.9984454384950852	0.8242197849849592	0.9984902872479895
0.4665832689741002	0.9984454384950859	0.8267517458919842	0.9984902872479896
0.48036328571965453	0.999608377785564	0.827684488653491	0.9998016711590465
0.48036328571965536	1.001616947847904	0.8427350048349384	0.999801671159047
0.4811788435420232	1.0016169478479044	0.8427350048349426	1.0015326556331385
0.4811788435420247	1.0023278766288093	0.845036690625326	1.0065195700270835
0.48897279186397613	1.0026782293941277	0.8450366906253297	1.0093965319462381
0.4897748194198055	1.0026782293941279	0.8734031927512486	1.0109933084277252
0.49542425747450347	1.0033679644001683	0.875839002006621	1.0116116301395208
0.4954242574745043	1.0033679644001687	0.8964530701976454	1.0128718311526719
0.4988774489154868	1.004412287213823	0.8964530701976473	1.012871831152672
0.49887744891548724	1.0044122872138233	0.9010434384643258	1.013568291584851
0.5019830610220898	1.0069919614630012	0.9010434384643263	1.01569526248432
0.5122423684802662	1.0075074927732206	0.902279326006443	1.0156952624843225
0.5199016044707963	1.0080875007299102	0.9168156357247813	1.0178150075032812
0.52070514154655	1.0080875007299106	0.9174044611219657	1.0178150075032826
0.540577111467687	1.0088734801285142	0.9174044611219659	1.0190616495580083
0.5405771114676889	1.0090653095060746	0.9210719321389679	1.0272905415687184
0.5455530269209536	1.0090653095060758	0.9210719321389694	1.0272905415687188
0.5455530269209552	1.009915177887095	0.9390456661347759	1.0308298744138673
0.5667216598538377	1.010456377570506	0.9485326455226522	1.0327717974783797
0.5667216598538378	1.0104563775705062	0.9485326455226532	1.032771797478381
0.5679467427939622	1.0111855164212349	0.9532173507066529	1.0332261116968338
0.5803228601761065	1.011368809324095	0.9532173507066556	1.0338488181724566
0.5803228601761066	1.0128173604895283	0.9552101506454619	1.0354800433395266
0.5853883275343371	1.0128173604895285	0.9552101506454636	1.0354800433395268
0.5853883275343386	1.014132285188732	0.955541718398088	1.0416632160138497
0.5866482351985253	1.0158132544147032	0.9611242182730692	1.0432093237596742
0.5868721968897199	1.015813254414704	0.9611242182730704	1.0432093237596756
0.5927401193289412	1.0164108426269183	0.9778233878285026	1.048807033814361
0.5927401193289419	1.0164108426269187	0.9823096777269792	1.0488070338143618
0.597403626414355	1.0177045495277572	0.9976731398902029	1.0563298017860017
0.6057857163847448	1.0193492225344012	0.9976731398902063	1.0569783889585234
0.6057857163847452	1.019349222534402	0.9983256899478212	1.0569783889585238
0.6224384878625284	1.02500267037837	0.9983256899478226	1.0576968443901127
0.622438487862529	1.0259829789016206	1.0145099454725794	1.0576968443901138
0.6374614373565566	1.0259829789016213	1.0196564912653383	1.0659999950654877
0.6399413377517266	1.0323412614830756	1.0219426780007814	1.0659999950654906
0.6417490417499604	1.0323412614830765	1.043730617940004	1.0690164551819687
0.6421683793779228	1.034384686464904	1.0500576629269962	1.0722518523938886
0.6421683793779239	1.0343846864649042	1.0500576629269973	1.0750314365920133
0.6447293414293856	1.03662255164365	1.0524158909032417	1.0774794695742103
0.6447293414293861	1.0371193877306228	1.0524158909032424	1.077479469574212
0.6538550237226197	1.0372409535329519	1.0615346277102713	1.0796183269529747
0.6574035604840179	1.037240953532953	1.0691184752063625	1.0796183269529755
0.6574035604840179	1.0389773063689256	1.0691184752063636	1.0804680350826303
0.6588760300165256	1.040329492297628	1.0705061919876568	1.0804680350826312
0.6588760300165258	1.0403294922976296	1.07050619198766	1.0829638493527947
0.6713414289253403	1.0421193472887815	1.0727925699037066	1.0916806952801457
0.6809746433148275	1.042119347288782	1.0810174614580064	1.0916806952801463
0.6809746433148303	1.0452290534472097	1.0857528518202144	1.0921443890610472
0.6865073058938871	1.0472123155969277	1.100518842365138	1.0921443890610476
0.6867850415397938	1.0472123155969277	1.1005188423651384	1.0929246940643988
0.6887423908893953	1.0484366044566573	1.1018729149929567	1.094384818906588
0.6929558977434092	1.0510507161470022	1.101872914992958	1.097840254702569
0.6929558977434094	1.0510507161470024	1.1137708997974602	1.1000447237112654
0.7096284219438302	1.0552283717854891	1.122628938333877	1.100044723711269
0.7180594799978814	1.0552283717854896	1.1611668863906062	1.1010876409185393
0.7281468013279147	1.0564311868873157	1.161166886390611	1.1037133050693215
0.730094668735991	1.0599753008430972	1.1624528560196243	1.1042986877610739
0.7300946687359924	1.0611689235661335	1.1624528560196266	1.1042986877610748
0.7434547798175941	1.0611689235661348	1.1701648970168956	1.1046479763639507
0.7434547798175956	1.0678366340331786	1.170192203876232	1.104647976363953
0.7555690239697878	1.06783663403318	1.184210443474111	1.112446606646036
0.7555690239697901	1.0699025018635056	1.184265974930748	1.1124466066460363
0.7603695539713615	1.0754511234539665	1.1842659749307511	1.1127990607778007
0.7633051658824774	1.075451123453967	1.192831040888172	1.1127990607778022
0.7633051658824775	1.0806845264418143	1.192831040888174	1.114506528575949
0.7678958405674688	1.0826521161725449	1.2162208827732188	1.1179887533164121
0.7678958405674713	1.0843050563279013	1.2162208827732215	1.1214955580277202
0.7691383560380782	1.0843050563279029	1.2166082280615378	1.1279454021821813
0.7882836251207191	1.0860909316045553	1.21660822806154	1.1280790064572634
0.7940412655570133	1.0880335859189	1.2239646297861395	1.1280790064572652
0.7940412655570152	1.0949024588840188	1.23774856326202	1.1333731429770568
0.7993225896930416	1.0978678009336376	1.2435656983485832	1.1339772575887652
0.7993225896930428	1.098504110576209	1.2446940939080806	1.1339772575887657
0.8150680774252107	1.0985041105762094	1.255299557747711	1.1352087513277056
0.8150680774252123	1.103858486182666	1.2552995577477133	1.1371542361968463
0.8326105179323581	1.103858486182667	1.294253285356402	1.1417964138170917
0.8401131907270187	1.1137838393195798	1.29461206352113	1.1417964138170922
0.8549470024420863	1.116041087781292	1.2946120635211358	1.1463530598238447
0.8590527671712092	1.116041087781292	1.3189418676631603	1.1463530598238458
0.8590527671712098	1.1185767661041963	1.3189418676631608	1.1562595968302534
0.8673149626612339	1.118576766104198	1.3333073480312725	1.156259596830258
0.867314962661234	1.1191283175367783	1.3333073480312743	1.1621176235292565
0.8926160303402639	1.1191283175367803	1.3638420503426432	1.1638749834654327
0.906213657824141	1.1258870713812859	1.389555927167612	1.1642635816641556
0.9184421377882802	1.1302162758318386	1.3948480693190168	1.1661127545372394
0.9217956623680348	1.1312121714962575	1.394848069319022	1.1661127545372405
0.9244098967238791	1.1312121714962584	1.4014982331816854	1.1666736739079178
0.9244098967238823	1.1321109238681402	1.4225972152750022	1.1666736739079184
0.9650520654631817	1.1321109238681408	1.4225972152750033	1.171678848280349
0.965052065463183	1.1330624151102693	1.4235215253162117	1.1768254986907725
0.9972556149638695	1.1338654789415483	1.4298995175564533	1.176825498690773
1.016073167137663	1.1459744211349168	1.4298995175564553	1.1773290158083625
1.016073167137664	1.145974421134917	1.4333828663129962	1.178100588278884
1.0299956797130396	1.1479064625723716	1.464006035265912	1.178100588278885
1.029995679713041	1.1553693673459948	1.4640060352659152	1.1803000390120253
1.0571707109810182	1.1562979329814345	1.4750404047399575	1.1900436654711208
1.0571707109810204	1.1572785275414579	1.4750404047399697	1.1900436654711237
1.058546611789809	1.1643044688012296	1.5049154423024396	1.1925412399635489
1.0824743679321172	1.1643044688012323	1.5049154423024398	1.19254123996355
1.082474367932121	1.1648139750362396	1.5172833267360402	1.2003129903964098
1.0934544442930476	1.1648139750362416	1.5314128994504899	1.2003129903964125
1.1017875358262945	1.16880033976596	1.541863169177359	1.2058618458673034
1.102331002140422	1.1688003397659648	1.5418631691773594	1.205861845867306
1.1023310021404225	1.1732783015766823	1.5580717750493842	1.2064150771878621
1.1132032640317677	1.1732783015766843	1.558071775049386	1.207368504400199
1.1145787829039986	1.1757502789939167	1.6056828131181662	1.2073685044001994
1.114578782904001	1.1757502789939187	1.61367431308069	1.2077004347829967
1.1982237929274406	1.1778946944148643	1.6370909218707146	1.207700434782997
1.2005205230651863	1.180315701648067	1.637090921870719	1.2083928340759171
1.212647823222922	1.1803157016480688	1.6461307805388778	1.2166265987695746
1.212647823222923	1.18139852906615	1.646130780538881	1.217070163949963
1.2164333660027695	1.1836645778330779	1.6476818486781752	1.2197173195598017
1.2164333660027715	1.1839069317770885	1.6605699728266823	1.2209900028274365
1.2546662006052551	1.1839069317770896	1.6605699728266825	1.2209900028274387
1.2546662006052578	1.1845042162991481	1.6618367272655015	1.2212499247329642
1.2580231416602567	1.1846823951188594	1.6656744286509806	1.2212499247329647
1.2580231416602567	1.1846823951188639	1.6715324244167304	1.2276210066089925
1.2738283538367303	1.1929346087073425	1.6715324244167318	1.2279467015217647
1.2971341237972176	1.192934608707343	1.6973978589487866	1.2309843862838137
1.2971341237972214	1.2068456178445928	1.697817759365138	1.2310904755218257
1.3042185174232825	1.206845617844597	1.735926458644374	1.2310904755218266
1.3042185174232874	1.2140118002568259	1.7688167578465237	1.2353795312573272
1.307540651156681	1.2156955705221995	1.7688167578465241	1.2353795312573275
1.3500464942001356	1.2183923953671227	1.7715705493018086	1.2396995538535878
1.3620465860984192	1.2191483380324777	1.771570549301813	1.2559586141522847
1.36204658609842	1.2191483380324835	1.7895712869809262	1.2594006524385954
1.3762769026812425	1.2226413529332458	1.789571286980928	1.2623790709519453
1.38351212860964	1.225122067541442	1.7944971531924794	1.2649356588305622
1.3881541919735378	1.2287132412625654	1.794497153192481	1.264935658830564
1.4024109199831196	1.2308736781050167	1.800974059884135	1.2684935555501786
1.4024109199831218	1.230873678105022	1.8104714966792619	1.2684935555501813
1.403979765119382	1.2363092054047047	1.8104714966792692	1.2740982550111384
1.4155319527765906	1.2363092054047071	1.841910624906364	1.2740982550111424
1.4155319527765917	1.2418429279886356	1.8419106249063717	1.2757170980490016
1.4285982281336311	1.2418429279886423	1.8598119056354425	1.2770421035659842
1.4285982281336351	1.2489538308104495	1.8671059714895522	1.2778253971783455
1.4341319294432466	1.2489538308104517	1.9201194724502149	1.27782539717835
1.4341319294432504	1.2495740551264856	1.9519502886518558	1.278898917035264
1.4350779193969943	1.249574055126489	1.9519502886518614	1.2788989170352651
1.4357429128697032	1.2539069018086468	1.952273400789021	1.285781086606025
1.4534510711382223	1.2549571871645013	1.9618603958640843	1.2898353742827617
1.453451071138225	1.2678840812045693	1.9618603958640848	1.2898353742827628
1.4546566144294026	1.2678840812045726	1.9706587588005264	1.294594070110321
1.4781767090657418	1.2716178685586677	1.9706587588005304	1.2964746091101536
1.4781767090657427	1.280961312762536	1.974173102375963	1.296562947392756
1.4795706392647439	1.2879910737742901	1.974173102375965	1.2965629473927585
1.4795706392647443	1.287991073774291	1.9807743432384926	1.3044333709030838
1.5006558376259225	1.2889593263062795	1.9819501308339527	1.3044333709030844
1.5006558376259236	1.2908556617488276	1.9966276901243645	1.3077134706982063
1.5014918411498182	1.2908556617488298	1.9966276901243654	1.3080975398578774
1.513939224651225	1.2918506659864568	1.9975762573220823	1.311469533833656
1.5139392246512295	1.2953204267559237	1.9975762573220834	1.3114695338336564
1.5270396927541603	1.295320426755929	2.0126338353426974	1.31283256746268
1.5388386819207138	1.3015114160611931	2.0152646633610134	1.3128325674626815
1.565181064326883	1.3067094376908872	2.0153279773346595	1.3186991981733722
1.5858501814347885	1.311470324119747	2.0153279773346675	1.3289513126245278
1.589907618940993	1.3120634334948826	2.023233294363562	1.331347772533304
1.605570542113761	1.312063433494884	2.0263369510882394	1.3313477725333045
1.6055705421137654	1.3123530731408815	2.026336951088242	1.3335839824625502
1.6181902518269509	1.3181652403869497	2.0365842148646625	1.3420583919744034
1.6181902518269522	1.3198362047033014	2.080832596072278	1.342058391974404
1.6414883532224542	1.3198362047033019	2.0808325960722818	1.3424295039888647
1.6414883532224565	1.3209667902106335	2.0901390768656944	1.3491864150386348
1.6561767684540778	1.3209667902106363	2.0901390768657007	1.3491864150386348
1.6561767684540791	1.3216149022650225	2.0932360680971462	1.351714865967382
1.6618888768018512	1.3216149022650265	2.094213606082192	1.351714865967385
1.6705246827313023	1.3245893117589014	2.113108665391211	1.3531180648834717
1.7212403441803554	1.3348059264367091	2.1229938357871365	1.3531180648834749
1.721240344180356	1.3453687606865423	2.122993835787147	1.3540375635135762
1.7306766020842483	1.3453687606865468	2.140753068067975	1.3540375635135804
1.73067660208425	1.3533365783907167	2.1407530680679794	1.3570077333114028
1.7466344981133461	1.3533365783907174	2.1428161194885798	1.3637572560773776
1.7580384882247078	1.3546928704820933	2.1494432853587515	1.3655462168395476
1.7784646209439028	1.3592872640985534	2.1587290330144326	1.367762144937311
1.778464620943903	1.3626587349296349	2.1966070436261598	1.3677621449373152
1.785799356825511	1.3643575984302792	2.1966070436261704	1.3691881068808023
1.7952238977409887	1.364357598430282	2.2239060867420806	1.369188106880804
1.7952238977409907	1.370470898298322	2.2239060867420894	1.3816792659584736
1.8353083521498494	1.3704708982983247	2.231187566520577	1.3816792659584756
1.8353083521498512	1.3749001487920436	2.2311875665205823	1.3823410207608244
1.8537475978521267	1.3839049779210948	2.232475865481624	1.3823410207608249
1.8537475978521312	1.3839049779210983	2.232475865481625	1.3868787270187226
1.8857666837425175	1.3849769660357925	2.288885673159726	1.396314522887592
1.88665651406793	1.3942494088544632	2.2904095415504435	1.3963145228875928
1.9114756921015807	1.3942494088544697	2.2904095415504546	1.3966602632837664
1.922076755637143	1.4003964459084979	2.3351556398761564	1.3966602632837681
1.9220767556371463	1.400396445908502	2.3400960309721595	1.4005731242799806
1.9546535831325496	1.4081481203432673	2.351792757517217	1.401377873717608
1.9546535831325562	1.4081481203432729	2.35601956242595	1.4036217719155557
1.9554355719668586	1.4176319799900687	2.3572946406010624	1.4148050596618456
1.9588242436891434	1.417631979990073	2.357294640601065	1.4148050596618489
1.958824243689144	1.4179273835409996	2.3997914626031487	1.4164075894026698
1.9850194271109785	1.4193878670016338	2.399791462603151	1.416407589402671
1.9850194271109805	1.4193878670016402	2.4068957978704524	1.4220649012166675
2.0186987359020168	1.4197555295105362	2.4223267786582725	1.4220649012166722
2.03763590920814	1.4243072853407466	2.422888267768651	1.422620935400333
2.03763590920814	1.4243072853407506	2.4228882677686574	1.4243875494951417
2.0423042614166116	1.424508233724451	2.4311258937702434	1.4243875494951457
2.0573542267041303	1.4393514859084233	2.4647707050479597	1.4255558753941269
2.064969174641407	1.4486115692165134	2.4810864879699266	1.4266381487050817
2.072871905940779	1.4486115692165167	2.4810864879699284	1.4445797869111674
2.0728719059407803	1.454103107444839	2.4811308538423273	1.455910240881469
2.13229137437865	1.454103107444846	2.4811308538423296	1.4559102408814764
2.1632078652762288	1.4687807434717663	2.490818243048062	1.4625809600360542
2.1926180485297895	1.470193059710369	2.5226515304886274	1.4680327849081445
2.2011930925885763	1.4701930597103703	2.5263829566021614	1.4714686986397538
2.2011930925885776	1.4705955278410165	2.5406452627908447	1.4714686986397554
2.2148697667469266	1.47673906532862	2.540645262790857	1.476722293522452
2.2180012633509034	1.4835890699683112	2.5535399376842323	1.4780418466592178
2.2180012633509043	1.4838999240320014	2.5535399376842416	1.4780418466592218
2.252209855312076	1.4946693137660183	2.55910055149292	1.4806922041733745
2.252209855312082	1.4946693137660194	2.5810457135102305	1.482550562895223
2.263530499715096	1.494678871184847	2.581045713510237	1.491691955799464
2.263530499715102	1.4947649011186228	2.589888017541112	1.4916919557994666
2.2682022524407794	1.49476490111863	2.5903372346396236	1.496452568954612
2.2709197361661086	1.5005553914350371	2.5950411475592614	1.5023650130943418
2.2709197361661104	1.5005553914350382	2.5950411475592685	1.5023650130943418
2.2735864426339947	1.5030627139487045	2.6310330518423646	1.5044065629743584
2.281682178123056	1.5030627139487063	2.631033051842373	1.5044065629743617
2.281682178123059	1.513812080417805	2.634498263709982	1.5107573863891839
2.307920544459291	1.5138120804178095	2.6403111525116483	1.5136287308738243
2.3468292245009623	1.5172878930398697	2.6403111525116496	1.5168302980417656
2.3999147210008878	1.5282163388289156	2.7251856196406012	1.5168302980417734
2.421299132174672	1.5282163388289178	2.7264526612376523	1.5185724216292633
2.4455350657720123	1.5404092498902933	2.7679589157977156	1.5218093876097012
2.458480008040539	1.5404092498902942	2.7803176609814706	1.5218093876097025
2.517506992369039	1.5593105236976388	2.8523605549823015	1.5275638820313333
2.517506992369048	1.5597633215505529	2.8523605549823112	1.5353530391858141
2.5447675694337186	1.5601313485117714	2.861006825904622	1.535353039185816
2.544767569433728	1.560131348511774	2.8610068259046337	1.5374442579049061
2.545033362449361	1.5605000959177504	2.877114640968269	1.543094311984757
2.552681474529608	1.5789503154247908	2.8771146409682773	1.5430943119847627
2.5526814745296083	1.578950315424799	2.8806127650392357	1.5500013350920567
2.553294484446523	1.583414464111697	2.8806127650392384	1.5500013350920594
2.553294484446529	1.5922820160017428	2.9029013187608013	1.5550727357155736
2.5808432255785116	1.592282016001749	2.902901318760805	1.5589333954402562
2.5808432255785143	1.5995424888765917	2.9253487540011265	1.5589333954402567
2.5890808772789375	1.609354378804789	2.9253487540011283	1.559289450248625
2.5890808772789433	1.6093543788047946	2.941535833381121	1.5596215048531028
2.619111851081869	1.6175221294675834	2.9728244903433714	1.5596215048531035
2.6303152019827314	1.6195416278425079	2.973739261456385	1.573748181418255
2.6303152019827345	1.6195416278425094	2.9737392614563984	1.5737481814182608
2.642965006802834	1.6221480408153828	2.995584050462923	1.5742566830731655
2.6429650068028354	1.6382618285198147	2.995584050462931	1.5773195104949211
2.679583499833667	1.6499895934974007	3.0332440463977983	1.5810540885194238
2.683805683741778	1.6499895934974027	3.033244046397803	1.5810540885194253
2.689165681498515	1.6530995173916239	3.0356449801300407	1.5885378461174873
2.727622607545554	1.6533257443096194	3.05107756889308	1.5885378461174928
2.727622607545557	1.6533257443096214	3.0510775688930956	1.5901316829131351
2.737505604014547	1.6603828610787073	3.05525665330286	1.6022235633550475
2.737505604014552	1.6636598602334576	3.0571502487645748	1.6064353391100958
2.7418633635366216	1.665626489529828	3.072484710717111	1.6064353391101012
2.746888497110404	1.6756397742269695	3.0883222508962382	1.6077725148488544
2.772250234184763	1.6756397742269713	3.088322250896249	1.6113734856486177
2.772250234184766	1.6849678493862768	3.0921742684765303	1.6113734856486233
2.779432498398678	1.6849678493862783	3.097408585237904	1.6134156292460136
2.780542164771578	1.6949350440450577	3.0974085852379085	1.6257439712142454
2.7805421647715813	1.6949350440450646	3.14198430185558	1.6257439712142505
2.7832253924051322	1.696915561561192	3.1592392778782155	1.6258788531346677
2.783225392405139	1.696915561561194	3.163266750014748	1.62633848694985
2.795127522459188	1.7067386197617158	3.163266750014751	1.6316421545429116
2.8404451577524816	1.7093754967594392	3.163565129275305	1.6316421545429176
2.8404451577524883	1.714939058239061	3.1635651292753084	1.6332118083818012
2.852932043593479	1.7149390582390664	3.207705377312683	1.63445553869597
2.85293204359348	1.7267915262890532	3.2077053773126925	1.6400445495272529
2.85752801783013	1.7267915262890656	3.217769705040271	1.6400445495272622
2.865595100690476	1.7412143894589929	3.2238832430767426	1.6421781470065022
2.8661809379284646	1.746062087673745	3.2238832430767497	1.6421781470065047
2.8834757320285758	1.7460620876737483	3.2290625677442297	1.6529472214326222
2.8862017772831594	1.7461663545963622	3.271590989314174	1.652947221432627
2.886201777283165	1.7491703200120607	3.271590989314183	1.6538933047428368
2.8938520096322495	1.7491703200120685	3.3045155865370957	1.6646274990753214
2.904738848988445	1.759940907300066	3.3146245611576934	1.6646274990753247
2.90473884898845	1.768791212135311	3.3575254477020624	1.6654067822500906
2.9219674454791433	1.7687912121353153	3.357525447702072	1.6717869221341888
2.921967445479149	1.7724147093606375	3.3684107237028846	1.6765765605433558
2.994697714563508	1.7815195799675176	3.3718714290942255	1.676576560543361
2.9946977145635123	1.7815195799675199	3.371871429094232	1.680249557466582
2.995783845799982	1.7866948922081447	3.392361189937217	1.6802495574665846
2.9957838457999872	1.788779596574353	3.392361189937217	1.6995759560774262
3.0849134527425415	1.7931221919985327	3.4546603965258647	1.7000199053736513
3.0952490328644937	1.7931221919985358	3.4546603965258695	1.7043533157333197
3.095249032864494	1.8048153909283606	3.457272571869577	1.7043533157333226
3.1474163221884206	1.8048153909283629	3.457272571869579	1.7092667362164324
3.1474163221884264	1.8058042261576859	3.4697117784183438	1.7096650133908546
3.165507968569023	1.8093540082137973	3.499317254964342	1.7111989634366809
3.21046556010382	1.8285854817725007	3.546133315513267	1.7124974841416787
3.210465560103831	1.828585481772509	3.5461333155132744	1.712497484141682
3.2477290214401133	1.8342127710622707	3.5821076510607424	1.7229354912966077
3.2556440348699045	1.8350419066029433	3.583225402973415	1.725198219580184
3.2556440348699063	1.8350419066029475	3.6099646853975638	1.7251982195801865
3.2726459076902907	1.8359257810079899	3.6099646853975655	1.7278355677425103
3.2853292232119786	1.84694922447808	3.6213073631702097	1.7278355677425123
3.285329223211981	1.8483790526282788	3.690511220134864	1.7388143317236822
3.292787139323686	1.8483790526282875	3.7163698059024686	1.7388143317236822
3.3134332902937906	1.864829422750718	3.7163698059024757	1.7407635149756435
3.3181766438471474	1.8648294227507192	3.7168592019219826	1.7451007441636488
3.318176643847149	1.8754155310930534	3.716859201921993	1.745100744163651
3.373246639330151	1.8774723111064653	3.751307024848072	1.769666700191665
3.3732466393301537	1.880224510510211	3.751307024848081	1.7696667001916728
3.381257711403437	1.906052987718908	3.76817192285944	1.7707183338282706
3.388068606030485	1.9060529877189103	3.7681719228594415	1.7707183338282733
3.3897348017610227	1.9167787754957675	3.8356368332427953	1.7879471731032044
3.3897348017610267	1.9167787754957735	3.8364153804876255	1.808708572648452
3.4129133486521104	1.93877266868969	3.836415380487629	1.8087085726484544
3.4129133486521184	1.9387726686896933	3.8407207887518795	1.809371424500048
3.4239727934690425	1.9435299817160934	3.843080361538411	1.8093714245000545
3.423972793469046	1.9435299817160936	3.84308036153842	1.814462534078119
3.430056995696367	1.952904662180093	3.8558577936140686	1.8298031028414747
3.4356677573158287	1.9555557551574252	3.8791497012421954	1.8355026882934975
3.466512012845751	1.9558693437487233	3.8818841774659565	1.8466955469753419
3.512868842454919	1.955869343748726	3.889819500616169	1.846695546975347
3.5213744565665697	1.9573256332424538	3.901704792415509	1.850794711672562
3.52607033026593	1.9573256332424553	3.9017047924155146	1.8573268597493382
3.5260703302659313	1.9620108281997297	3.903257128081298	1.861642124335632
3.5371993181523647	1.9809036415491919	3.903257128081309	1.8616421243356327
3.537199318152366	1.989687442734385	3.958674118643488	1.8686429175470642
3.54987473594708	1.989994522824674	3.960527599974905	1.8686429175470702
3.596305098666772	1.9899945228246751	4.003642475400051	1.8689073538494518
3.596305098666777	1.9902803268571798	4.003642475400055	1.8689073538494534
3.612134014479369	1.9902803268571798	4.010823248729802	1.8799553396902586
3.6121340144793725	2.003771930078384	4.010823248729809	1.8895772957323012
3.6575699137679907	2.003771930078391	4.04697470974373	1.9041486803944805
3.6641450489381566	2.0199866674805502	4.04760256904426	1.9098894765527221
3.664145048938167	2.019986667480551	4.047602569044261	1.9199066492146322
3.6646616035601904	2.023354667378493	4.049578164044985	1.919906649214637
3.678153848480463	2.0233842455318585	4.057105788428087	1.920563657939711
3.678153848480465	2.030718787852915	4.057105788428104	1.9205636579397158
3.751980972829537	2.040720446517206	4.16067724032976	1.9252121369328214
3.762252074638795	2.0407204465172124	4.160677240329762	1.9252121369328228
3.771764203212606	2.047542956813945	4.169179047862906	1.9280655904287143
3.771764203212607	2.047542956813947	4.169179047862907	1.9280655904287178
3.7767386870468362	2.061102655164938	4.178834052373633	1.9520652348093752
3.7767386870468362	2.070665762193288	4.199511376689111	1.9548656497220351
3.856432579826515	2.0770854013058524	4.32662823439625	1.9741395774681443
3.8564325798265164	2.131162357104446	4.331484030305976	1.9741395774681474
3.8634782239642274	2.1311623571044476	4.331484030305982	1.9816944347941368
3.867718531781231	2.137268301394372	4.332985238140453	1.9915196341941737
3.8677185317812337	2.1374446543134527	4.332985238140455	1.9915196341941808
3.921029652463706	2.1374446543134633	4.3469090301566995	1.9957822396879699
4.108832577437418	2.172454625471116	4.359102795153838	2.001382415670798
4.112060296818425	2.17245462547113	4.3591027951538495	2.0098505745802187
4.115122050745058	2.2043611086979666	4.364221997337421	2.018291752990232
4.115122050745061	2.204536636601174	4.364221997337444	2.018291752990235
4.116231728202114	2.204536636601178	4.374682008908155	2.0243159420894123
4.1162317282021155	2.2318612643593534	4.374885922617937	2.0243159420894337
4.128715697767291	2.231861264359362	4.452630231899245	2.0437826799430447
4.128715697767292	2.2373350065627347	4.452630231899279	2.043782679943047
4.1454446171820285	2.2373350065627453	4.452937468211262	2.047067662153285
4.14596674363892	2.241942144591813	4.452937468211274	2.05292924158848
4.1476635627998535	2.263954610766443	4.474141843041524	2.0529292415884894
4.1476635627998615	2.264471532847334	4.477509232867663	2.053345801275047
4.175096851150008	2.2644715328473404	4.538708647442345	2.0811397269682783
4.175796149684826	2.3117008802240253	4.538708647442352	2.0811397269682836
4.1788901272708205	2.326737760103468	4.551025437592401	2.0870777165502647
4.189061371935307	2.3283952412390656	4.551520369909653	2.087077716550267
4.189061371935307	2.333244853595893	4.551520369909682	2.1033726075776595
4.216848445766475	2.3332448535959007	4.559735551649619	2.1154457604753025
4.216848445766482	2.3363307325554366	4.604599986118412	2.1154457604753154
4.230400285137327	2.33633073255545	4.638244488006682	2.1284200086601084
4.230400285137335	2.359677199486315	4.6382444880067055	2.131856513310238
4.305482287632945	2.3699388632556055	4.656624487225056	2.1318565133102565
4.3054822876329455	2.3699388632556104	4.667887055792772	2.13741588594671
4.361510119937157	2.4042700401747488	4.711674709877147	2.1390088469804054
4.466436937347193	2.445991788529266	4.711674709877193	2.139008846980413
4.466436937347199	2.464261248825195	4.739080250023859	2.1409161873585876
4.466569742938547	2.4642612488252107	4.739080250023865	2.140916187358592
4.466569742938568	2.4790992601085877	4.763114322710971	2.1521339406013285
4.4841226916335115	2.479099260108592	4.763114322710978	2.1731746450002993
4.4853580733947265	2.5114543302309738	4.7995690172494925	2.1806968186988165
4.543644015433122	2.511454330230976	4.871480527654492	2.180696818698826
4.691760788594547	2.5117169909982846	4.874701998714477	2.185760582136307
4.6917607885945545	2.5343033521573153	5.039551908481063	2.185760582136311
4.693818357392015	2.5343033521573233	5.039551908481069	2.1860056949192503
4.694107571413956	2.5645335071918005	5.040401122644351	2.1961167162723925
4.745525373150959	2.56505269694576	5.040401122644356	2.2099437273513685
4.745525373150965	2.5730959060137195	5.204900858212716	2.2584732027548053
4.746692048074027	2.5730959060137204	5.21923273081929	2.2584732027548147
4.746692048074031	2.5757890855884598	5.241179150045938	2.260437149720467
4.852875664967116	2.595028196608578	5.241179150045939	2.2604371497204707
4.857740274213898	2.595028196608578	5.244850120536517	2.264761498878042
4.857740274213905	2.6062989730191495	5.246675365735441	2.2798419381531625
4.859968179184405	2.6524678810925724	5.246675365735443	2.2996398119733064
4.863949526615012	2.6524678810925804	5.324984347717265	2.2996398119733215
4.863949526615013	2.6548771546018077	5.328857285060311	2.30765784741156
4.890891353232927	2.6580240151531647	5.349857931871692	2.307657847411561
4.895843293083472	2.658024015153176	5.3498579318717	2.3144957055625
4.9570355056760445	2.6609747854974315	5.412861507597249	2.315030016724168
4.957035505676059	2.74876453202504	5.41460983384122	2.3150300167241697
4.9577386754910275	2.7687224799874235	5.450725470904621	2.315548094153582
4.957738675491035	2.7687224799874257	5.450725470904623	2.3195306623639165
5.001602179314588	2.7951813586069933	5.453451870278286	2.319530662363919
5.001602179314601	2.7960378281576896	5.4534518702783155	2.325438515445582
5.106697248359673	2.811078899155615	5.541691867354614	2.3271461784097927
5.108032781652027	2.8110788991556426	5.5416918673546265	2.3271461784098015
5.108032781652029	2.8356883536221438	5.542431382592359	2.3295424947838987
5.108336630042224	2.864359868534351	5.542431382592374	2.3295424947839027
5.109095780781755	2.864359868534355	5.567024417585118	2.333161138184482
5.1090957807817645	2.8651414037161382	5.567024417585132	2.4457516022814083
5.1249559146694255	2.8651414037161382	5.606657826504599	2.4685186882504166
5.125408310409264	2.8701656983082575	5.610032557380986	2.5011524826251836
5.196768774954418	2.881769621256407	5.679136678884513	2.5011524826251836
5.339836855970951	2.9789558191133456	5.788902765079162	2.52905175228553
5.367055195982608	2.978955819113355	5.800763674011743	2.529051752285531
5.401021780218012	2.9880144821474137	5.883592699362261	2.5616296822855182
5.418318566217365	2.988014482147417	5.883592699362309	2.561910761689415
5.418318566217382	3.0933965297821655	5.8837788595255445	2.5796175918915214
5.504537302089809	3.0947693695403258	5.935778034649551	2.5854442923455236
5.5045373020898225	3.0947693695403387	5.935778034649557	2.585444292345528
5.534521584195859	3.1008765893279935	5.958503017176334	2.606752996041462
5.537988336680026	3.1008765893279966	5.997811060255384	2.606752996041468
5.588873397821341	3.101541236336736	5.997811060255401	2.6169176159573757
5.588873397821349	3.1069573311653866	6.005227466660399	2.623174239796323
5.592305726347516	3.1141149501035055	6.005227466660411	2.63170826436123
5.592305726347544	3.228837925141863	6.199440656694518	2.634279863373744
5.636075653981809	3.229154459375117	6.227401168552775	2.634279863373748
5.6360756539818135	3.229154459375131	6.233727186086987	2.6466430736862403
5.705681193943783	3.236185605392363	6.233727186087016	2.64664307368625
5.705681193943796	3.2361856053923668	6.237609482899113	2.664073058494117
5.711135753491251	3.2743420264260936	6.2376094828991215	2.6663500095384336
5.914325680653686	3.2743420264261065	6.350482248454566	2.715779706181924
5.927168628096755	3.2839589014598003	6.350482248454576	2.715779706181939
5.927168628096766	3.2850446343619097	6.360575170013928	2.71770051750932
6.024895921161115	3.304253808344165	6.360575170013943	2.7230293460745063
6.024895921161118	3.304253808344176	6.383000184550051	2.723029346074507
6.038737238347186	3.3172340057063696	6.455716029179143	2.742861649623878
6.0387372383472036	3.3172340057063763	6.455716029179166	2.79225469456464
6.06941830801862	3.347331795792934	6.468331986499272	2.79225469456465
6.0694183080186255	3.3543699108831007	6.480042561551585	2.793063327051465
6.13388136413679	3.354369910883102	6.637859178414979	2.7964430659859585
6.136972422617451	3.3674828664499024	6.6378591784150025	2.796443065985961
6.29110362207849	3.39192150026614	6.8999625123677095	2.804811316967234
6.35140858004356	3.570878913054212	6.910103030632253	2.805292027346283
6.47889526078827	3.621961846238083	7.072140418663981	2.805292027346285
6.551355263569507	3.6219618462380887	7.117241261015787	2.8348334247103257
6.551355263569511	3.6466415785534676	7.1172412610157885	2.834833424710343
6.558837839013887	3.671865877054237	7.121707513166939	2.873391495673208
6.558837839013924	3.671865877054257	7.12170751316694	2.9069836222533625
7.1223990931516825	3.7889540957485113	7.726453307742676	2.9599767023826833
7.1223990931517305	3.788954095748512	7.726453307742709	3.000410371823919
7.176549418242942	3.80067580720751	7.73729756211397	3.004362099285194
7.218958184215248	3.823394536597885	7.84179999356993	3.0043620992852116
7.218958184215253	3.8357377166930853	7.841799993569976	3.0316280773879436
7.396781603370178	3.8357377166931017	7.9827478961285925	3.0316280773879503
7.496308960642946	3.8791504029750734	8.14898567167355	3.0771328575269608
7.595486795769662	3.879150402975092	8.20110716264371	3.0771328575269674
7.611961817927747	3.889268384536779	8.223708431796892	3.077150322964272
7.611961817927747	3.9284811935331083	8.22370843179691	3.0874242276567196
7.634804620538202	3.928481193533112	8.231643875504528	3.0948611774940025
7.634804620538204	3.932097106911749	8.231643875504597	3.094861177494006
8.177039145426154	4.040127569489153	8.694800496573816	3.2192000440091673
8.177039145426164	4.040127569489167	8.700030517001373	3.2192000440091775
8.181764168642173	4.052928043933348	8.700030517001395	3.2236535792657577
8.182130687357548	4.062890917468503	8.724193736505255	3.223653579265761
8.182130687357576	4.062890917468503	8.724193736505258	3.2499872882264516
8.191651457526046	4.085731800384634	8.741031625946485	3.2546241487886483